+---------+---------------+----------+
16:31:45,772,784   ETHER
|0   |01|80|c2|00|00|00|c4|ad|34|1c|8c|2b|00|27|42|42|03|00|00|02|02|3c|80|00|c4|ad|34|1c|8c|29|00|00|00|00|80|00|c4|ad|34|1c|8c|29|80|03|00|00|14|00|02|00|0f|00|00|00|00|00|00|00|00|00|

+---------+---------------+----------+
16:31:47,376,094   ETHER
|0   |ec|75|0c|c2|51|46|8c|90|2d|fd|b1|10|08|00|45|00|00|54|58|cc|40|00|40|01|61|b7|ac|10|14|02|ac|10|14|03|08|00|67|24|31|9f|00|01|73|42|1f|69|00|00|00|00|08|bd|05|00|00|00|00|00|10|11|12|13|14|15|16|17|18|19|1a|1b|1c|1d|1e|1f|20|21|22|23|24|25|26|27|28|29|2a|2b|2c|2d|2e|2f|30|31|32|33|34|35|36|37|

+---------+---------------+----------+
16:31:47,376,267   ETHER
|0   |8c|90|2d|fd|b1|10|ec|75|0c|c2|51|46|08|00|45|00|00|54|05|ab|00|00|40|01|f4|d8|ac|10|14|03|ac|10|14|02|00|00|6f|24|31|9f|00|01|73|42|1f|69|00|00|00|00|08|bd|05|00|00|00|00|00|10|11|12|13|14|15|16|17|18|19|1a|1b|1c|1d|1e|1f|20|21|22|23|24|25|26|27|28|29|2a|2b|2c|2d|2e|2f|30|31|32|33|34|35|36|37|

+---------+---------------+----------+
16:31:47,774,898   ETHER
|0   |01|80|c2|00|00|00|c4|ad|34|1c|8c|2b|00|27|42|42|03|00|00|02|02|3c|80|00|c4|ad|34|1c|8c|29|00|00|00|00|80|00|c4|ad|34|1c|8c|29|80|03|00|00|14|00|02|00|0f|00|00|00|00|00|00|00|00|00|

+---------+---------------+----------+
16:31:48,396,414   ETHER
|0   |ec|75|0c|c2|51|46|8c|90|2d|fd|b1|10|08|00|45|00|00|54|59|a0|40|00|40|01|60|e3|ac|10|14|02|ac|10|14|03|08|00|06|d4|31|9f|00|02|74|42|1f|69|00|00|00|00|67|0c|06|00|00|00|00|00|10|11|12|13|14|15|16|17|18|19|1a|1b|1c|1d|1e|1f|20|21|22|23|24|25|26|27|28|29|2a|2b|2c|2d|2e|2f|30|31|32|33|34|35|36|37|

+---------+---------------+----------+
16:31:48,396,604   ETHER
|0   |8c|90|2d|fd|b1|10|ec|75|0c|c2|51|46|08|00|45|00|00|54|06|70|00|00|40|01|f4|13|ac|10|14|03|ac|10|14|02|00|00|0e|d4|31|9f|00|02|74|42|1f|69|00|00|00|00|67|0c|06|00|00|00|00|00|10|11|12|13|14|15|16|17|18|19|1a|1b|1c|1d|1e|1f|20|21|22|23|24|25|26|27|28|29|2a|2b|2c|2d|2e|2f|30|31|32|33|34|35|36|37|

+---------+---------------+----------+
16:31:49,420,388   ETHER
|0   |ec|75|0c|c2|51|46|8c|90|2d|fd|b1|10|08|00|45|00|00|54|5a|20|40|00|40|01|60|63|ac|10|14|02|ac|10|14|03|08|00|5e|75|31|9f|00|03|75|42|1f|69|00|00|00|00|0e|6a|06|00|00|00|00|00|10|11|12|13|14|15|16|17|18|19|1a|1b|1c|1d|1e|1f|20|21|22|23|24|25|26|27|28|29|2a|2b|2c|2d|2e|2f|30|31|32|33|34|35|36|37|

+---------+---------------+----------+
16:31:49,420,555   ETHER
|0   |8c|90|2d|fd|b1|10|ec|75|0c|c2|51|46|08|00|45|00|00|54|06|99|00|00|40|01|f3|ea|ac|10|14|03|ac|10|14|02|00|00|66|75|31|9f|00|03|75|42|1f|69|00|00|00|00|0e|6a|06|00|00|00|00|00|10|11|12|13|14|15|16|17|18|19|1a|1b|1c|1d|1e|1f|20|21|22|23|24|25|26|27|28|29|2a|2b|2c|2d|2e|2f|30|31|32|33|34|35|36|37|

+---------+---------------+----------+
16:31:49,777,124   ETHER
|0   |01|80|c2|00|00|00|c4|ad|34|1c|8c|2b|00|27|42|42|03|00|00|02|02|3c|80|00|c4|ad|34|1c|8c|29|00|00|00|00|80|00|c4|ad|34|1c|8c|29|80|03|00|00|14|00|02|00|0f|00|00|00|00|00|00|00|00|00|

+---------+---------------+----------+
16:31:50,444,426   ETHER
|0   |ec|75|0c|c2|51|46|8c|90|2d|fd|b1|10|08|00|45|00|00|54|5a|c3|40|00|40|01|5f|c0|ac|10|14|02|ac|10|14|03|08|00|80|16|31|9f|00|04|76|42|1f|69|00|00|00|00|eb|c7|06|00|00|00|00|00|10|11|12|13|14|15|16|17|18|19|1a|1b|1c|1d|1e|1f|20|21|22|23|24|25|26|27|28|29|2a|2b|2c|2d|2e|2f|30|31|32|33|34|35|36|37|

+---------+---------------+----------+
16:31:50,444,615   ETHER
|0   |8c|90|2d|fd|b1|10|ec|75|0c|c2|51|46|08|00|45|00|00|54|07|96|00|00|40|01|f2|ed|ac|10|14|03|ac|10|14|02|00|00|88|16|31|9f|00|04|76|42|1f|69|00|00|00|00|eb|c7|06|00|00|00|00|00|10|11|12|13|14|15|16|17|18|19|1a|1b|1c|1d|1e|1f|20|21|22|23|24|25|26|27|28|29|2a|2b|2c|2d|2e|2f|30|31|32|33|34|35|36|37|

+---------+---------------+----------+
16:31:51,468,418   ETHER
|0   |ec|75|0c|c2|51|46|8c|90|2d|fd|b1|10|08|00|45|00|00|54|5b|70|40|00|40|01|5f|13|ac|10|14|02|ac|10|14|03|08|00|c2|b7|31|9f|00|05|77|42|1f|69|00|00|00|00|a7|25|07|00|00|00|00|00|10|11|12|13|14|15|16|17|18|19|1a|1b|1c|1d|1e|1f|20|21|22|23|24|25|26|27|28|29|2a|2b|2c|2d|2e|2f|30|31|32|33|34|35|36|37|

+---------+---------------+----------+
16:31:51,468,604   ETHER
|0   |8c|90|2d|fd|b1|10|ec|75|0c|c2|51|46|08|00|45|00|00|54|07|e3|00|00|40|01|f2|a0|ac|10|14|03|ac|10|14|02|00|00|ca|b7|31|9f|00|05|77|42|1f|69|00|00|00|00|a7|25|07|00|00|00|00|00|10|11|12|13|14|15|16|17|18|19|1a|1b|1c|1d|1e|1f|20|21|22|23|24|25|26|27|28|29|2a|2b|2c|2d|2e|2f|30|31|32|33|34|35|36|37|

+---------+---------------+----------+
16:31:51,779,324   ETHER
|0   |01|80|c2|00|00|00|c4|ad|34|1c|8c|2b|00|27|42|42|03|00|00|02|02|3c|80|00|c4|ad|34|1c|8c|29|00|00|00|00|80|00|c4|ad|34|1c|8c|29|80|03|00|00|14|00|02|00|0f|00|00|00|00|00|00|00|00|00|

+---------+---------------+----------+
16:31:52,492,411   ETHER
|0   |ec|75|0c|c2|51|46|8c|90|2d|fd|b1|10|08|00|45|00|00|54|5b|db|40|00|40|01|5e|a8|ac|10|14|02|ac|10|14|03|08|00|07|59|31|9f|00|06|78|42|1f|69|00|00|00|00|61|83|07|00|00|00|00|00|10|11|12|13|14|15|16|17|18|19|1a|1b|1c|1d|1e|1f|20|21|22|23|24|25|26|27|28|29|2a|2b|2c|2d|2e|2f|30|31|32|33|34|35|36|37|

+---------+---------------+----------+
16:31:52,492,567   ETHER
|0   |8c|90|2d|fd|b1|10|ec|75|0c|c2|51|46|08|00|45|00|00|54|08|69|00|00|40|01|f2|1a|ac|10|14|03|ac|10|14|02|00|00|0f|59|31|9f|00|06|78|42|1f|69|00|00|00|00|61|83|07|00|00|00|00|00|10|11|12|13|14|15|16|17|18|19|1a|1b|1c|1d|1e|1f|20|21|22|23|24|25|26|27|28|29|2a|2b|2c|2d|2e|2f|30|31|32|33|34|35|36|37|

+---------+---------------+----------+
16:31:52,501,143   ETHER
|0   |8c|90|2d|fd|b1|10|ec|75|0c|c2|51|46|08|06|00|01|08|00|06|04|00|01|ec|75|0c|c2|51|46|ac|10|14|03|00|00|00|00|00|00|ac|10|14|02|00|00|00|00|00|00|00|00|00|00|00|00|00|00|00|00|00|00|

+---------+---------------+----------+
16:31:52,501,152   ETHER
|0   |ec|75|0c|c2|51|46|8c|90|2d|fd|b1|10|08|06|00|01|08|00|06|04|00|02|8c|90|2d|fd|b1|10|ac|10|14|02|ec|75|0c|c2|51|46|ac|10|14|03|

+---------+---------------+----------+
16:31:52,524,342   ETHER
|0   |ec|75|0c|c2|51|46|8c|90|2d|fd|b1|10|08|06|00|01|08|00|06|04|00|01|8c|90|2d|fd|b1|10|ac|10|14|02|00|00|00|00|00|00|ac|10|14|03|

+---------+---------------+----------+
16:31:52,524,495   ETHER
|0   |8c|90|2d|fd|b1|10|ec|75|0c|c2|51|46|08|06|00|01|08|00|06|04|00|02|ec|75|0c|c2|51|46|ac|10|14|03|8c|90|2d|fd|b1|10|ac|10|14|02|00|00|00|00|00|00|00|00|00|00|00|00|00|00|00|00|00|00|

+---------+---------------+----------+
16:31:53,516,415   ETHER
|0   |ec|75|0c|c2|51|46|8c|90|2d|fd|b1|10|08|00|45|00|00|54|5c|22|40|00|40|01|5e|61|ac|10|14|02|ac|10|14|03|08|00|44|fa|31|9f|00|07|79|42|1f|69|00|00|00|00|22|e1|07|00|00|00|00|00|10|11|12|13|14|15|16|17|18|19|1a|1b|1c|1d|1e|1f|20|21|22|23|24|25|26|27|28|29|2a|2b|2c|2d|2e|2f|30|31|32|33|34|35|36|37|

+---------+---------------+----------+
16:31:53,516,612   ETHER
|0   |8c|90|2d|fd|b1|10|ec|75|0c|c2|51|46|08|00|45|00|00|54|09|22|00|00|40|01|f1|61|ac|10|14|03|ac|10|14|02|00|00|4c|fa|31|9f|00|07|79|42|1f|69|00|00|00|00|22|e1|07|00|00|00|00|00|10|11|12|13|14|15|16|17|18|19|1a|1b|1c|1d|1e|1f|20|21|22|23|24|25|26|27|28|29|2a|2b|2c|2d|2e|2f|30|31|32|33|34|35|36|37|

+---------+---------------+----------+
16:31:53,781,494   ETHER
|0   |01|80|c2|00|00|00|c4|ad|34|1c|8c|2b|00|27|42|42|03|00|00|02|02|3c|80|00|c4|ad|34|1c|8c|29|00|00|00|00|80|00|c4|ad|34|1c|8c|29|80|03|00|00|14|00|02|00|0f|00|00|00|00|00|00|00|00|00|

+---------+---------------+----------+
16:31:54,540,418   ETHER
|0   |ec|75|0c|c2|51|46|8c|90|2d|fd|b1|10|08|00|45|00|00|54|5c|cc|40|00|40|01|5d|b7|ac|10|14|02|ac|10|14|03|08|00|80|9b|31|9f|00|08|7a|42|1f|69|00|00|00|00|e5|3e|08|00|00|00|00|00|10|11|12|13|14|15|16|17|18|19|1a|1b|1c|1d|1e|1f|20|21|22|23|24|25|26|27|28|29|2a|2b|2c|2d|2e|2f|30|31|32|33|34|35|36|37|

+---------+---------------+----------+
16:31:54,540,605   ETHER
|0   |8c|90|2d|fd|b1|10|ec|75|0c|c2|51|46|08|00|45|00|00|54|0a|0a|00|00|40|01|f0|79|ac|10|14|03|ac|10|14|02|00|00|88|9b|31|9f|00|08|7a|42|1f|69|00|00|00|00|e5|3e|08|00|00|00|00|00|10|11|12|13|14|15|16|17|18|19|1a|1b|1c|1d|1e|1f|20|21|22|23|24|25|26|27|28|29|2a|2b|2c|2d|2e|2f|30|31|32|33|34|35|36|37|

+---------+---------------+----------+
16:31:55,564,407   ETHER
|0   |ec|75|0c|c2|51|46|8c|90|2d|fd|b1|10|08|00|45|00|00|54|5c|e9|40|00|40|01|5d|9a|ac|10|14|02|ac|10|14|03|08|00|c5|3c|31|9f|00|09|7b|42|1f|69|00|00|00|00|9f|9c|08|00|00|00|00|00|10|11|12|13|14|15|16|17|18|19|1a|1b|1c|1d|1e|1f|20|21|22|23|24|25|26|27|28|29|2a|2b|2c|2d|2e|2f|30|31|32|33|34|35|36|37|

+---------+---------------+----------+
16:31:55,564,604   ETHER
|0   |8c|90|2d|fd|b1|10|ec|75|0c|c2|51|46|08|00|45|00|00|54|0a|38|00|00|40|01|f0|4b|ac|10|14|03|ac|10|14|02|00|00|cd|3c|31|9f|00|09|7b|42|1f|69|00|00|00|00|9f|9c|08|00|00|00|00|00|10|11|12|13|14|15|16|17|18|19|1a|1b|1c|1d|1e|1f|20|21|22|23|24|25|26|27|28|29|2a|2b|2c|2d|2e|2f|30|31|32|33|34|35|36|37|

+---------+---------------+----------+
16:31:55,783,651   ETHER
|0   |01|80|c2|00|00|00|c4|ad|34|1c|8c|2b|00|27|42|42|03|00|00|02|02|3c|80|00|c4|ad|34|1c|8c|29|00|00|00|00|80|00|c4|ad|34|1c|8c|29|80|03|00|00|14|00|02|00|0f|00|00|00|00|00|00|00|00|00|

+---------+---------------+----------+
16:31:56,588,414   ETHER
|0   |ec|75|0c|c2|51|46|8c|90|2d|fd|b1|10|08|00|45|00|00|54|5d|33|40|00|40|01|5d|50|ac|10|14|02|ac|10|14|03|08|00|02|de|31|9f|00|0a|7c|42|1f|69|00|00|00|00|60|fa|08|00|00|00|00|00|10|11|12|13|14|15|16|17|18|19|1a|1b|1c|1d|1e|1f|20|21|22|23|24|25|26|27|28|29|2a|2b|2c|2d|2e|2f|30|31|32|33|34|35|36|37|

+---------+---------------+----------+
16:31:56,588,612   ETHER
|0   |8c|90|2d|fd|b1|10|ec|75|0c|c2|51|46|08|00|45|00|00|54|0a|f1|00|00|40|01|ef|92|ac|10|14|03|ac|10|14|02|00|00|0a|de|31|9f|00|0a|7c|42|1f|69|00|00|00|00|60|fa|08|00|00|00|00|00|10|11|12|13|14|15|16|17|18|19|1a|1b|1c|1d|1e|1f|20|21|22|23|24|25|26|27|28|29|2a|2b|2c|2d|2e|2f|30|31|32|33|34|35|36|37|

+---------+---------------+----------+
16:31:57,785,813   ETHER
|0   |01|80|c2|00|00|00|c4|ad|34|1c|8c|2b|00|27|42|42|03|00|00|02|02|3c|80|00|c4|ad|34|1c|8c|29|00|00|00|00|80|00|c4|ad|34|1c|8c|29|80|03|00|00|14|00|02|00|0f|00|00|00|00|00|00|00|00|00|

+---------+---------------+----------+
16:31:59,787,940   ETHER
|0   |01|80|c2|00|00|00|c4|ad|34|1c|8c|2b|00|27|42|42|03|00|00|02|02|3c|80|00|c4|ad|34|1c|8c|29|00|00|00|00|80|00|c4|ad|34|1c|8c|29|80|03|00|00|14|00|02|00|0f|00|00|00|00|00|00|00|00|00|

